#0번째 데이터 처리 후 최소비용
      ( 1)  ( 2)  ( 3)  ( 4)  ( 5)
( 1)    0     2  1000  1000  1000
( 2) 1000     0  1000  1000  1000
( 3) 1000  1000     0  1000  1000
( 4) 1000  1000  1000     0  1000
( 5) 1000  1000  1000  1000     0

#1번째 데이터 처리 후 최소비용
      ( 1)  ( 2)  ( 3)  ( 4)  ( 5)
( 1)    0     2     3  1000  1000
( 2) 1000     0  1000  1000  1000
( 3) 1000  1000     0  1000  1000
( 4) 1000  1000  1000     0  1000
( 5) 1000  1000  1000  1000     0

#2번째 데이터 처리 후 최소비용
      ( 1)  ( 2)  ( 3)  ( 4)  ( 5)
( 1)    0     2     3     1  1000
( 2) 1000     0  1000  1000  1000
( 3) 1000  1000     0  1000  1000
( 4) 1000  1000  1000     0  1000
( 5) 1000  1000  1000  1000     0

#3번째 데이터 처리 후 최소비용
      ( 1)  ( 2)  ( 3)  ( 4)  ( 5)
( 1)    0     2     3     1    10
( 2) 1000     0  1000  1000  1000
( 3) 1000  1000     0  1000  1000
( 4) 1000  1000  1000     0  1000
( 5) 1000  1000  1000  1000     0

#4번째 데이터 처리 후 최소비용
      ( 1)  ( 2)  ( 3)  ( 4)  ( 5)
( 1)    0     2     3     1    10
( 2) 1000     0  1000     2  1000
( 3) 1000  1000     0  1000  1000
( 4) 1000  1000  1000     0  1000
( 5) 1000  1000  1000  1000     0

#5번째 데이터 처리 후 최소비용
      ( 1)  ( 2)  ( 3)  ( 4)  ( 5)
( 1)    0     2     3     1    10
( 2) 1000     0  1000     2  1000
( 3) 1000  1000     0     1  1000
( 4) 1000  1000  1000     0  1000
( 5) 1000  1000  1000  1000     0

#6번째 데이터 처리 후 최소비용
      ( 1)  ( 2)  ( 3)  ( 4)  ( 5)
( 1)    0     2     3     1    10
( 2) 1000     0  1000     2  1000
( 3) 1000  1000     0     1     1
( 4) 1000  1000  1000     0  1000
( 5) 1000  1000  1000  1000     0

#7번째 데이터 처리 후 최소비용
      ( 1)  ( 2)  ( 3)  ( 4)  ( 5)
( 1)    0     2     3     1     4
( 2) 1000     0  1000     2  1000
( 3) 1000  1000     0     1     1
( 4) 1000  1000  1000     0     3
( 5) 1000  1000  1000  1000     0

#8번째 데이터 처리 후 최소비용
      ( 1)  ( 2)  ( 3)  ( 4)  ( 5)
( 1)    0     2     3     1     4
( 2) 1000     0  1000     2     5
( 3) 1000  1000     0     1     1
( 4) 1000  1000  1000     0     3
( 5) 1000  1000  1000  1000     0

#9번째 데이터 처리 후 최소비용
      ( 1)  ( 2)  ( 3)  ( 4)  ( 5)
( 1)    0     2     3     1     4
( 2) 1000     0  1000     2     5
( 3)    8  1000     0     1     1
( 4) 1000  1000  1000     0     3
( 5) 1000  1000  1000  1000     0

#10번째 데이터 처리 후 최소비용
      ( 1)  ( 2)  ( 3)  ( 4)  ( 5)
( 1)    0     2     3     1     4
( 2) 1000     0  1000     2     5
( 3)    8    10     0     1     1
( 4) 1000  1000  1000     0     3
( 5) 1000  1000  1000  1000     0

#11번째 데이터 처리 후 최소비용
      ( 1)  ( 2)  ( 3)  ( 4)  ( 5)
( 1)    0     2     3     1     4
( 2) 1000     0  1000     2     5
( 3)    8    10     0     1     1
( 4) 1000  1000  1000     0     3
( 5)    7  1000  1000  1000     0

#12번째 데이터 처리 후 최소비용
      ( 1)  ( 2)  ( 3)  ( 4)  ( 5)
( 1)    0     2     3     1     4
( 2)   12     0    15     2     5
( 3)    8    10     0     1     1
( 4)   10    12    13     0     3
( 5)    7     9    10     8     0

#13번째 데이터 처리 후 최소비용
      ( 1)  ( 2)  ( 3)  ( 4)  ( 5)
( 1)    0     2     3     1     4
( 2)   12     0    15     2     5
( 3)    8    10     0     1     1
( 4)   10    12    13     0     3
( 5)    7     4    10     8     0

** 최종 결과 최소비용
      ( 1)  ( 2)  ( 3)  ( 4)  ( 5)
( 1)    0     2     3     1     4
( 2)   12     0    15     2     5
( 3)    8     5     0     1     1
( 4)   10     7    13     0     3
( 5)    7     4    10     6     0

